Zip code,Households; Estimate; Total,"Households; Estimate; Less than $10,000","Households; Estimate; $10,000 to $14,999","Households; Estimate; $15,000 to $24,999","Households; Estimate; $25,000 to $34,999","Households; Estimate; $35,000 to $49,999","Households; Estimate; $50,000 to $74,999","Households; Estimate; $75,000 to $99,999","Households; Estimate; $100,000 to $149,999","Households; Estimate; $150,000 to $199,999","Households; Estimate; $200,000 or more",Households; Estimate; Mean income (dollars)00601,5210,42.8,11.3,15.9,11.1,10.9,4.7,2.3,0.3,0.2,0.3,2063400602,13500,33.1,17,18.6,12.7,9.6,6.2,1.2,0.9,0.2,0.4,2280300603,17958,38.6,12.8,17.9,9.5,9.3,7,2.7,1.4,0.4,0.5,2412100606,1679,47.8,11.4,15.2,12.3,8.9,4.3,0,0,0,0,1638200610,9288,30.8,15.2,23.8,11.6,9.5,6,2.4,0.5,0.1,0,2198400612,23569,31.5,11.8,19.5,10.4,12.2,9.7,2.6,1.3,0.6,0.5,2729400616,3551,36.7,11.9,18,13.3,8.3,8.3,2.9,0.6,0,0,2148100617,8143,33,13.3,20.9,10.6,10.6,7.2,2.8,1.6,0,0.1,2455800622,1922,44.3,13.2,19.4,9.4,7.3,4.9,0.5,1,0,0,1755100623,13603,33.4,13.8,19.8,11.1,9.6,7.4,2.8,1.6,0.1,0.3,2579600624,7976,37.5,14,19.1,10.4,10.4,6.4,1.4,0.7,0,0.2,2036800627,10796,31.6,15.1,21.5,11.1,11.5,6.1,1.5,1.2,0.4,0.1,2306200631,562,47.3,19.6,9.6,8.2,10.9,2.8,1.6,0,0,0,1651200637,7914,31.8,17.3,17.5,12.7,10.3,7.5,1.6,1,0.3,0,2253400638,5736,36.3,17.2,19,10.6,10.9,5,0.6,0.5,0,0,1902800641,9515,39.1,13.7,17.8,9.7,9.8,7.6,0.8,1.3,0.1,0.1,2102000646,12284,22.7,9,15.9,11,12.9,11.8,5.7,6.6,2.7,1.7,4457500647,1899,38.2,19.4,16.4,11.2,9.3,4.7,0.4,0.4,0,0,1817000650,4655,30.6,17.2,20.9,16.9,8.3,4.1,1.1,0.3,0.5,0,2035700652,1111,42.2,12.2,8.4,10.5,15.7,11,0,0,0,0,2156800653,4159,41.9,15.6,18.2,11.3,7.7,4.3,0.4,0.1,0.2,0.4,1849400656,6473,36.8,13.2,17.2,11.9,12.1,6.3,1.3,1,0,0.2,2126200659,13208,26.8,15.2,23.8,11.6,10.6,7.5,2.8,1.3,0.2,0.1,2484200660,6406,23.7,13.3,22.7,15.3,13,9.7,0.9,1.3,0,0.1,2572500662,14485,39.4,14.5,17.5,11.7,8.2,5.4,2.1,0.9,0.1,0.1,2004900664,4904,31.5,14.4,16.9,13,13,9.2,1.2,0.5,0.3,0,2345600667,8478,35.9,14.6,22.1,11.8,9.1,5.5,0.6,0.3,0,0,1917000669,9751,43.2,12.7,16.5,10.1,9.8,5.1,1.5,0.6,0.4,0,1934600670,3366,36.2,12.7,19.7,14.5,9.7,6.1,0.9,0.4,0,0,1992300674,15706,31.5,14,19.1,13.2,9.1,8.7,2.4,1.7,0.3,0.2,2472400676,11831,39.3,15.3,16.8,11,8.7,6.3,1.3,1,0,0.3,2114500677,5508,27.5,17.6,22.8,10.2,11.2,7.9,2,0.2,0.2,0.5,2349700678,9018,39,15.4,18.1,8.9,9.4,6.6,1.7,0.6,0.2,0,1995200680,20739,38,15.1,19.1,10.3,8.5,4.9,2.2,1.1,0.5,0.3,2169500682,11818,40.1,10.8,16.2,10.1,7.7,6.2,2.5,3.5,1.9,0.8,2938500683,11585,35.2,14.2,19.5,10,10,6.8,2.4,1.6,0.3,0.1,2292400685,12499,39.9,15.7,17.7,9.8,9.7,5.3,0.9,0.8,0,0,1892200687,9306,38.2,14.4,19.1,11.1,9.6,5.3,1.1,0.8,0.1,0.3,2025100688,3610,37.4,13.7,18.6,13.7,8,7.7,0.9,0,0,0,1993200690,2153,27,16.4,24.7,9.7,12.6,6,3.3,0.3,0,0,2334400692,11106,32.5,12.2,19.2,10.5,11.4,8.1,3,2.6,0.4,0.1,2731900693,18219,34.1,13.3,18.1,12.2,9.1,7.3,3,1.8,0.3,0.8,2624100694,99,34.3,30.3,22.2,13.1,0,0,0,0,0,0,1352000698,13039,36.9,14,18.1,12.6,8.7,6.1,1.7,1.7,0.2,0.1,2174200703,8977,40.8,13.4,16.9,11.5,8.6,6.1,2.4,0.3,0.1,0,1953700704,2896,40,17,19.6,7.5,4.7,8.7,2.7,0,0,0,1888000705,8499,34.9,13.9,20.9,10.1,9.8,6.8,2,1.1,0.1,0.3,2343500707,4013,33.6,15.9,20.9,10.2,12.1,5.3,1.4,0.6,0,0,2059900714,6265,34,14.6,18.9,14.8,9.6,4.9,1.7,1.3,0,0.1,2203200715,1467,30.1,17.5,19.4,14,7.5,7.4,2,0,0,2.1,3039300716,11611,31,10.4,17,13.6,10.6,9.7,3.6,2.5,0.6,1,3047400717,7520,39.7,12,16.4,10.6,10.7,6.1,2.2,1.5,0.3,0.4,2344600718,8392,32.4,14.9,19,12.8,10.2,7.4,1.7,1.5,0,0.1,2278800719,8374,36.3,14.7,18.5,11.2,9.1,7.8,1.5,0.8,0,0,2093700720,6780,38.6,15,20.5,10.2,9.2,5.2,0.9,0.5,0,0,1877400723,6470,38.7,12.7,18.1,11.9,10.6,5.7,1.6,0.5,0.3,0,2021000725,31086,27.5,12,18.5,12.5,11.4,11,3.1,2.4,0.7,0.8,3082000727,18817,19.9,8.9,15.8,13.8,15.5,13,7.2,4.3,1.2,0.5,3926000728,13273,30.3,11.4,18,13.4,13.4,8.8,2.9,1.4,0.1,0.3,2598400729,16222,23,12.2,18.2,15.1,13.9,10.3,3.5,3,0.6,0.1,3047700730,13545,33.7,15,16.6,11.2,9.7,6.7,3.4,2.2,0.7,0.7,2766800731,4541,37.3,15.4,17.5,9.7,10.1,6.4,1.5,1.4,0.8,0,2176900735,4575,24.5,16.8,18.2,14.9,15,7.9,0.7,1.6,0.5,0,2564300736,17028,25.3,12.7,21.1,12.4,12.6,10.3,2.7,2,0.8,0.2,2851200738,12334,23.2,13.8,19.9,15,12.3,10.2,3.4,1.9,0.2,0.1,2811200739,12372,22.1,11.5,18.3,14.8,14.3,10.7,3.6,3.1,1.3,0.3,3266600740,708,51.7,22.5,11.6,3.2,8.3,0,2.7,0,0,0,1461400741,1667,22.4,18.2,24,14.6,11.6,8,0.7,0.5,0,0,2334400745,17409,22.2,13.1,19.5,12.8,14.4,10.7,4.7,1.8,0.6,0.2,3084800751,7812,40.9,16.7,13.5,10.1,10.3,6.3,1.7,0.5,0.1,0,1956300754,13030,29.6,12.5,20.2,11.1,12.9,9.3,2.5,1.8,0,0.1,2545300757,7739,34.6,11.3,14.5,14.6,12.3,7.9,3.1,1.3,0,0.5,2518200765,3127,30.7,13.3,25.3,12.7,9.3,6.5,1.9,0,0.4,0,2129300766,7774,34.4,14.1,18.1,13.5,10,6.8,1.5,0.7,0.9,0,2287100767,11775,30.9,13.7,20.6,13.6,12.3,6.9,1.4,0.3,0.1,0.2,2253200769,12983,34.2,12.3,19.7,13.7,8.8,6.2,3.3,1.3,0.4,0.1,2364400771,11293,28.8,13.9,18.8,11.3,12.3,9.1,2.9,2.6,0,0.3,2703600772,6828,33.7,13.2,20.7,11.6,11.1,8.1,1.1,0.5,0,0,2142900773,6646,27.2,13.7,17.4,14.3,11.1,9.3,3.5,2.6,0.3,0.5,2887300775,552,23.7,21.4,20.3,11.1,10.3,9.6,1.6,0,2,0,2568400777,12541,29.4,12.3,19.1,10.7,12.7,9.3,4,1.7,0.4,0.4,2756400778,13089,19,11.4,15.6,12.9,14.4,13.2,5.9,5.6,1.1,0.8,3902700780,4092,25.2,8.8,14.5,10.7,14.7,13.2,4.6,4,0.7,3.5,4609500782,6013,40.4,15.9,13.8,9.6,10.5,7.4,1.7,0.8,0.1,0,2027700783,10794,38.4,12,19.1,12,9.1,6.7,1.8,0.5,0,0.2,2096400784,14527,30.4,10.6,20.1,14,11.8,8.6,2.4,1.5,0.5,0.2,2570000786,143,19.6,0,48.3,18.2,7,7,0,0,0,0,2381600791,16847,26.7,14,18.6,12,11.1,10.6,3.8,1.9,0.5,0.6,2964200794,9204,37.7,12.4,20.8,12.5,8.3,5.9,1.5,0.5,0.1,0.3,2031000795,15344,32.9,14.1,19.5,11.9,10.8,7.5,2,1,0,0.3,2315200901,2375,44.8,6.3,11.7,9.4,8.9,7.5,3,3.6,2.1,2.7,4241900906,10,0,0,0,100,0,0,0,0,0,0,N00907,7926,18.3,9.2,15.3,13.6,11,13.1,6.3,5.2,3.1,5,5694000909,2490,34.7,14.3,19.1,10,8.6,11,1.6,0.4,0,0.4,2441100911,3748,19.2,9,13.2,15,12.9,10.5,4.5,7.7,4.6,3.4,5281200912,2620,35.2,13.3,12.4,15.3,10,6.1,3.3,1.6,1.3,1.6,2968600913,3670,56.9,9.9,13.2,3.5,3.4,2.6,3.3,3.7,0.9,2.5,2680000915,12081,41,15.7,19.1,12,7.6,2.8,0.7,0.8,0.3,0,1755400917,8654,33.2,10.6,17.7,11.9,11.8,8,3.7,1.5,0.7,0.9,2876100918,7632,23.7,9.1,12.7,8.1,14.4,13.6,7.8,5.4,3.3,1.8,4753800920,7437,20.3,12.6,16.1,12.8,14.3,13.1,6,3.7,0.7,0.4,3616300921,14132,30.6,10.9,16,12.7,10.7,11.5,4.1,1.9,0.6,0.8,2976500923,11200,35.9,11.4,15.4,13.1,11.3,7.3,3.7,1.3,0.3,0.3,2620600924,20038,30.9,10.5,16.5,11.6,12.8,11.5,3.3,2.1,0.5,0.2,2870300925,2610,35,18,18,10.3,9.6,5.6,0.9,2.5,0,0,2173200926,38626,14.9,8.6,13.2,11.9,13.8,14.9,8.4,8.2,2.7,3.6,5722500927,6080,15.6,8.6,13.3,12.7,12.4,12.5,7.8,7.8,2.4,6.8,6806300934,73,0,0,46.6,0,0,9.6,23.3,20.5,0,0,5538800936,0,-,-,-,-,-,-,-,-,-,-,-00949,28090,21.9,10.5,18.6,13.4,15.1,12.6,4.9,2.1,0.5,0.5,3264200950,0,-,-,-,-,-,-,-,-,-,-,-00951,6,100,0,0,0,0,0,0,0,0,0,N00952,3438,32.5,13.8,19.4,11.4,10.7,9,2.5,0.7,0,0,2295400953,21929,20.9,10.5,15.3,13.4,13.7,14.9,6.3,3.6,0.7,0.7,3736800956,27305,21.9,12.1,19.2,14.8,15.3,10.3,3.8,2.1,0.3,0.2,3015900957,15490,22.7,11.3,18.5,14.6,14.1,11.3,4.6,2.2,0.3,0.4,3116600959,18169,20,11,16.8,13,14.7,14.6,5.5,3.7,0.7,0.2,3517700960,0,-,-,-,-,-,-,-,-,-,-,-00961,11573,16.7,10.8,13.5,14.9,15.8,14.6,6,5.7,1.1,1,4073500962,7602,37.6,10.4,20.1,11.1,10.3,7,2,1.1,0.3,0,2215700965,3249,38.1,12.3,18,14.8,12.5,3.3,0.8,0.2,0,0,1913200966,6495,10.5,7.2,10.1,9.8,9.5,15.9,12,10.3,6.3,8.4,8506800968,1907,10.4,3.1,13.7,12.4,22.1,11.9,8.7,10.4,2.4,4.9,6289100969,14871,12.2,5.9,7,10.2,15,16.5,11,13.4,4.9,3.9,7031500971,10426,22.6,11.2,18.2,15,13.1,9.6,4.4,3.2,0.6,2.1,3614700976,22098,21.2,9.6,13.7,13.5,12.7,14.4,7,5.9,1.1,0.9,4060700979,7450,9.6,7.7,15.2,12.6,17,18.3,8.4,6.5,2.1,2.6,5528100982,6018,20.8,10.9,19.3,15.2,14.7,12.5,4.1,2.3,0,0,3060600983,14333,21.8,10.4,16.1,13.9,15.4,14.1,5,2.3,0.5,0.6,3629000985,12555,18.8,10.8,19.4,16.9,14.9,12.2,3.6,2.5,0.5,0.4,3270900987,19753,17.2,9.5,14.8,13.9,17,16.2,6.5,3.1,1.2,0.6,3948701001,7016,6.3,3.3,10.9,9.6,14,19.3,15.6,15.5,4.7,0.8,6680501002,9427,9.2,8,10.8,9.9,8.7,12.2,10.6,14.7,7.9,7.9,8653601003,13,0,0,0,0,0,0,0,0,100,0,N01005,1892,1.7,2.4,9.2,8.9,7.3,21.4,15.6,22.7,6.3,4.5,8669801007,5605,1.9,5.5,8,8.6,9.4,16.2,15.8,21.4,9.4,3.9,8551901008,473,0,3,5.5,3.6,8.9,24.3,25.2,22.8,4.9,1.9,9236401009,313,4.8,11.5,0,12.8,22,20.8,11.8,15,1.3,0,5977301010,1385,0,2.6,8,13.3,12.4,10.3,21.1,22.6,8.9,0.8,8068001011,542,4.8,4.4,5.7,10.3,17.5,22.1,16.2,12.5,5.2,1.1,6662901012,238,1.3,6.7,12.2,2.9,27.3,23.5,8.8,8,5,4.2,6570801013,9102,10.3,7.9,14.7,13.2,15.6,17.2,10,8.8,1.7,0.5,4868201020,12913,7.2,6.6,11.7,8.6,15.8,21,13.8,12.4,1.6,1.3,5942901022,1121,6.5,2.6,11.2,6.4,20,25.7,18.1,8.7,0.9,0,5529201026,451,3.3,10.2,9.3,7.8,14.4,17.7,17.1,14,3.5,2.7,7180101027,8090,3.9,5.9,10.2,11.2,15.5,15.3,17.3,13.7,5,2.2,6814101028,5660,3,2.5,8.8,8.9,10.9,14.3,15.9,20.3,9.2,6.2,9248901029,251,9.2,2.8,1.2,6.4,8.4,34.3,22.3,5.6,0,10,8573101030,4490,3.6,4.8,5.3,7.6,8.8,19.9,16.7,26.1,5.2,2,7948401031,601,9.3,6.5,7,8.2,20.5,23.3,6.3,8.3,4.2,6.5,7155201032,272,3.7,5.5,3.3,3.7,15.1,22.1,28.3,11.8,5.1,1.5,7313401033,2584,2.9,4.2,6.6,10.7,8,21.1,19.4,23.8,3.3,0,7507501034,707,3.1,3.5,6.1,6.5,8.5,25.7,17.3,18.4,4.8,6.1,8490501035,2048,3.6,3.7,10.1,4.4,9.3,18.7,22.6,22.1,2.9,2.6,7986601036,1904,1.3,4.6,9.3,3.9,8.8,15.2,15.8,22.1,11.2,7.9,10031201037,241,2.9,0,0,4.6,9.5,5.8,8.3,53.9,12,2.9,11536201038,1151,4,7.3,7.1,9.6,12.3,20.1,12.9,12,9.3,5.5,8043301039,690,6.7,5.8,8.4,5.9,8.1,12,21.6,16.2,11.9,3.3,8266401040,16012,16.2,11.5,14.5,8.9,13.1,15.2,9.6,7.2,2.1,1.6,4809001050,1090,6.3,3.7,15.3,4.8,16.1,13.7,14.5,20.7,2.1,2.8,7055501053,614,5.2,1.3,11.1,3.7,13.2,18.1,21.7,13.5,4.7,7.5,8710501054,702,5.7,1.1,5,6.1,10.1,22.4,16.8,19.4,5.6,7.8,9119501056,7876,3.8,4,10,9,12.8,20.9,17.6,15.2,3.5,3.1,7153201057,3362,5.1,1.9,7.9,11.4,9.2,19.8,12.8,23.6,5.7,2.7,7831501060,6631,9,8.1,10,9.4,14.7,17.4,10.3,11.5,3.6,5.9,7010901062,4608,6.5,5.7,4.2,12.1,12.2,18.1,13.7,16.8,6.3,4.6,8877701063,0,-,-,-,-,-,-,-,-,-,-,-01066,0,-,-,-,-,-,-,-,-,-,-,-01068,680,4.4,4.1,4.9,6,9.7,16,24.1,23.7,4.3,2.8,8280001069,3579,4.4,4.1,11.6,9.7,13.5,19.8,13.3,16.8,3,3.7,7255401070,242,5,5.8,11.2,7,12,24.4,17.8,9.5,4.5,2.9,6743301071,615,3.3,3.3,8.6,5,14.5,24.4,17.9,14.5,8.3,0.3,7228001072,623,2.9,3,5.3,10.9,13.3,20.1,17,19.6,3.5,4.3,7893001073,2261,3.5,5.3,5.4,8.4,7.4,18.4,16.2,25.2,6,4.1,8410701074,173,0,0,23.1,20.2,5.8,14.5,19.1,17.3,0,0,6815101075,6822,4.3,3.5,5.8,7.7,15,23.9,17.1,14.2,4.5,3.9,7386101077,3657,1.3,3.9,9.4,7.3,10.2,18.1,17.9,18.9,7,5.9,8586401079,88,0,0,33,9.1,9.1,0,35.2,6.8,6.8,0,6002001080,1057,15.7,7,12.4,10.2,17.9,17,9.9,9.1,0.8,0,4544201081,730,3.4,2.5,7.8,9.9,13.2,22.9,13.6,18.8,6.2,1.9,7864001082,4499,7.6,8.2,12.4,8,12.6,19.1,9.8,16.3,3.9,2,6209901083,1156,6.9,3.5,3.6,15.2,22.1,16.9,9.6,11.9,6.4,3.8,6985401084,111,9,0,4.5,9.9,21.6,18.9,18,14.4,3.6,0,6533801085,15457,6.5,5.9,12.2,9.7,11.7,17.7,13.3,14.7,4.7,3.7,7003801086,0,-,-,-,-,-,-,-,-,-,-,-01088,409,41.6,2.9,2.7,10.3,13.7,8.3,4.6,15.9,0,0,4066401089,11571,6.3,6.3,11.6,11.3,11.5,20.2,13.9,13.3,2.9,2.7,6653501092,568,12.7,3.2,11.1,8.6,9,21,18.1,16.4,0,0,5992701093,137,0,5.8,4.4,0,3.6,16.8,33.6,24.1,10.2,1.5,9192101094,154,0,39,30.5,5.8,0,11,9.1,4.5,0,0,3167301095,5417,4.7,5.3,6.5,7,6.9,9.8,15,22.3,11.8,10.6,10146901096,878,3,1,8.3,7.5,12.8,25.6,17.5,11.7,8.2,4.3,8258701097,15,13.3,0,0,20,0,66.7,0,0,0,0,4568701098,516,3.1,6.6,9.3,11.6,12,21.3,12.8,15.3,3.7,4.3,7252701103,1545,24.1,18,13.8,12.8,16.8,8.2,4.3,1.5,0,0.6,3004001104,8876,15.5,9.5,14.5,11.5,15.5,17.6,9.7,4.8,0.8,0.6,4291601105,5217,26.6,17,19.2,14.6,8.5,6.4,3.3,3.5,0.8,0,2719001106,5765,3.7,2.8,4.1,5.4,9.3,13.5,12,22.1,10.7,16.3,13604001107,3773,24.9,15.7,16.7,9.6,12.4,7.5,5.4,6.1,1.4,0.2,3573901108,9155,11.4,9.5,13.5,12.3,13.8,16.7,9.8,8.8,2.4,1.8,5184901109,9436,16.4,8.1,15.1,10.7,14.8,19.2,10.6,3.7,0.5,0.9,4361101118,5675,4.1,5.3,12.7,10,11.5,21.6,16.4,12.5,4.6,1.4,6470401119,5138,5.5,9.1,12.6,10.9,16.2,19.2,13.2,10.4,2.8,0.2,5546501128,1036,3.6,3.3,4.3,4.7,11.8,18.8,28.2,22.6,0.8,1.9,7891401129,2835,2.2,9,5.9,10.1,12.4,19.5,24.4,10.7,3.7,2.2,6967301151,3365,16,9.7,13.8,12.5,13.4,17.2,4.3,8,1.2,3.9,5416201199,0,-,-,-,-,-,-,-,-,-,-,-01201,20651,9.3,8.4,11.6,11,13.8,20.9,10.7,9.6,2.7,2,5868401220,3896,9.1,6.9,15.5,12.9,18.1,16.3,9.6,7.8,3,0.8,5414901222,356,3.9,0,23,13.5,18.3,5.9,22.5,9.6,3.4,0,5838301223,1030,7.2,6.3,14.4,10.4,13.3,19.2,10.4,11.9,2.3,4.6,8111601224,72,0,11.1,0,0,9.7,27.8,27.8,23.6,0,0,7396301225,1282,3.1,4,9.8,19,7,20,17,10.8,5.5,3.8,8031501226,2740,5.1,4.2,9.8,11.5,16.6,23.7,12.9,7.3,4.2,4.7,6778901229,66,0,0,4.5,13.6,28.8,27.3,6.1,0,19.7,0,8128601230,3472,6.3,6.2,9.4,13.2,15.5,15.9,10.9,11.2,4.9,6.5,8532101235,1147,2.6,3.3,8.3,11.6,13.3,23.8,17.1,15.8,3.1,1.2,6997201236,591,1.9,6.9,16.8,7.8,10.8,20.1,11.8,15.1,8,0.8,6780801237,1017,0.6,8,6.4,12.7,10.3,16.8,16.6,17.6,3.7,7.3,8413301238,2579,3.7,2.9,15.9,6.7,16.4,17.4,14.2,13.4,6.3,3,6973101240,1958,8.3,3.2,14.3,8.5,8.2,23.1,9.7,15.4,4.1,5.1,7804801242,120,0,10.8,0,0,13.3,21.7,0,54.2,0,0,9056101243,111,0,4.5,6.3,21.6,13.5,7.2,24.3,19.8,2.7,0,6552901244,54,0,0,0,53.7,5.6,35.2,0,0,0,5.6,5180601245,322,4.3,1.2,11.2,15.2,19.6,15.2,13.4,10.2,3.1,6.5,7926401247,6885,9.6,10.2,14.2,11,16.4,18.2,10.9,7.9,1.2,0.4,4797701253,279,8.6,8.6,9.3,6.5,7.5,14.3,9,14,3.2,19,10850101254,482,1.7,3.3,4.4,7.9,7.9,15.1,16.2,16.4,11.4,15.8,13391701255,381,2.6,3.4,16,9.4,7.9,25.5,20.7,7.1,1.8,5.5,7799701256,293,3.1,2.7,13.3,14,11.9,21.8,14,11.3,5.1,2.7,6684201257,957,7.3,3.8,4.3,14.2,10.4,17.1,15.4,14.4,5.9,7.2,9447201258,121,8.3,3.3,3.3,10.7,10.7,23.1,20.7,12.4,1.7,5.8,7577301259,216,2.3,8.3,6.9,7.4,17.6,17.1,7.4,19,11.1,2.8,9222901260,49,0,0,0,10.2,36.7,24.5,14.3,14.3,0,0,6834901262,462,10.4,5.4,17.7,18,6.1,15.4,9.3,13.4,0,4.3,6357201264,75,2.7,0,5.3,14.7,16,13.3,12,18.7,6.7,10.7,10478901266,722,4,4.8,4.7,7.5,12.5,16.2,20.2,15.7,10,4.4,8392201267,2939,4.4,7.7,9.3,8.4,8.4,13.2,14.6,14.9,9.3,9.7,10246101270,282,0,0,5.7,11.3,12.1,22.3,11,23,9.6,5,9039401301,7825,8.2,7.6,9.6,10.2,18,19.4,16.1,7.6,2.1,1.2,5813001330,666,4.5,1.1,13.1,3,15.2,22.5,19.5,9.5,5.7,6,7856501331,5199,4.9,6.2,10.3,8.5,16.2,22.1,14.5,13.5,2.2,1.5,6331601337,1112,2.5,6.1,11.9,13.3,13.2,19,15.6,13.2,3.8,1.3,6576201338,82,0,0,0,7.3,4.9,14.6,43.9,19.5,4.9,4.9,9615601339,624,5.6,7.1,8.3,6.9,23.2,20.2,10.4,13.1,2.7,2.4,6288501340,705,1.7,4.4,9.5,13.2,17.7,21.8,13.5,11.9,2.6,3.7,7126101341,688,4.4,6,3.3,8.4,10.9,13.2,23,19,6.5,5.2,8491301342,469,9.2,2.6,6.2,2.6,11.5,25.4,16.6,19.6,4.3,2.1,7767701343,46,0,0,28.3,15.2,26.1,2.2,19.6,8.7,0,0,5341701344,571,4.2,3.7,10.2,9.5,17.7,26.8,13.1,12.3,2.6,0,5911301346,173,2.9,12.7,8.1,6.4,12.1,19.1,17.9,15.6,4,1.2,6827501347,29,0,0,24.1,75.9,0,0,0,0,0,0,2786201349,414,14.3,1.9,7.5,16.2,7.7,13.3,23.4,9.7,4.8,1.2,6109101350,72,0,23.6,9.7,23.6,5.6,30.6,6.9,0,0,0,3850401351,1066,3.3,3.2,9.4,5.5,29.9,14.4,17.2,13.4,1.5,2.2,6751501354,566,4.9,3.9,9.4,6.4,13.3,26.1,11.8,17.3,2.8,4.1,7163501355,352,5.7,6.8,3.4,4.3,18.5,15.6,21.6,19,4.3,0.9,7166601360,1276,2.7,3.8,10.7,6.3,10,27.8,15.5,17.9,2.6,2.6,7234501364,3393,5.3,8.8,14.6,11,14.3,25,9,8.5,2.6,0.9,5349001366,472,3,1.9,9.3,11,14,12.5,19.7,16.5,8.9,3.2,7783301367,213,0.9,5.6,8,21.1,16,22.5,13.1,10.3,2.3,0,5769501368,455,2,4.4,6.8,9.2,19.3,14.3,20.2,19.6,2.9,1.3,7390701370,1735,4,5.2,8.8,8,15.7,16.4,15.4,19.1,4.9,2.4,7233001373,2049,4.1,4.5,7,9.9,12.3,19.5,19.9,14.8,6,2,7546601375,1525,2.6,6,5.9,16.6,15.7,21,8.1,14.8,3.1,6.2,7446901376,2357,7.6,14.5,10.4,13.3,20.2,15.5,7.7,7.8,2.4,0.6,4909701378,269,5.6,1.9,1.9,12.3,15.2,25.7,19,16.7,1.9,0,6562701379,437,5.3,8.7,12.4,6.9,11,22.4,8,20.4,2.5,2.5,6635401420,14752,9.5,6.5,12.3,10,13.1,18,13.1,13.1,3,1.5,6360301430,2184,2.7,7.5,5.5,4.4,9.7,13.5,16.7,24.8,12.5,2.8,8952601431,1060,4.7,2.6,4,8.5,5,19.7,21.6,21.8,10.3,1.8,9140301432,3045,4.3,8.4,7.8,7,16.4,19,9.3,17.6,5.9,4.2,7470201434,73,0,0,0,0,17.8,24.7,5.5,52.1,0,0,9554201436,1133,1.4,10,5.8,7,10.1,28.4,15.4,15.4,3.5,2.9,7238701438,191,0,0,8.9,7.3,7.9,34,8.9,26.2,0,6.8,8172701440,8094,6,8.5,11.8,10.8,14.3,22.3,11.7,10.6,2,2,6169601450,3650,3.4,1.5,3.7,5.9,5.5,10.1,10.1,23.8,15.3,20.8,13424401451,1605,0,2.6,3.9,3.3,4.3,6.4,7.5,26.4,9.8,35.7,17899301452,1538,1.3,5.1,10.1,4.4,7.9,16.9,16.1,22.6,9.9,5.7,9095501453,16134,7.1,5.3,10,8.2,12.2,17.9,16.8,15.6,4.6,2.5,7088001460,3198,4.9,2.6,9.9,3.8,6.1,8.2,12.2,27.2,13.5,11.7,11376401462,3728,2.5,3.1,4.7,7.4,10.4,14.3,17.5,24.5,8.5,7.1,9455001463,4125,2.5,3.3,5.8,4.6,9.1,16.8,14.5,22.3,12.2,8.8,10143801464,2189,3,5.9,10.8,7.4,8.5,15.3,19.9,19.6,6.3,3.4,7793201467,162,15.4,0,0,0,11.1,0,0,4.9,46.9,21.6,16502401468,1465,8.9,1.1,7.4,3.6,8.3,18,29.2,21.8,0.9,0.8,7503201469,2327,2.1,0.6,6,8.3,5.3,25,18.7,22.1,8.6,3.2,9068501473,2611,2.4,1.2,4.7,7.2,8.6,23.4,15.3,26.5,7.7,3.1,8637701474,787,3.7,6.2,3.3,5.1,8.8,28.1,18.4,15.4,11.1,0,7978201475,3743,4.2,4.2,6,13.8,13.3,19.1,18.8,14.2,4.5,1.8,6904201501,6228,3.1,3.5,8.9,8.9,10.4,15.5,19.9,19.8,5.6,4.4,8370001503,1029,0.8,1.7,6.6,5.2,8.8,14.2,16.4,19.8,14,12.5,11157801504,3472,2.7,3.3,6.5,11.9,7.2,20.7,16.8,19.6,7.9,3.3,8493901505,1676,0.5,1.7,2.9,3.7,11.7,17.4,16.6,19.3,8.9,17.2,13315701506,1353,1.9,5.8,7,9.2,9.5,23.4,23.4,12.1,6.3,1.4,7187601507,4306,2.1,2.5,6.7,3.3,9,13.8,17.7,28.9,10.7,5.3,9699101510,5672,5.5,4,9.6,9.2,12.2,19.7,13.1,20.3,4.9,1.6,7200501515,737,0.8,7.9,7.7,2.6,17.8,20.6,11.5,19.4,5.7,6,8164601516,3221,3.4,2.5,5.3,7.2,7.3,18.5,17.1,23.2,11.3,4.1,9311701518,1137,16.1,4.7,4.6,3.1,2.3,15.7,16.6,17.3,11.6,8,8891401519,2304,2.6,2.1,5.5,4.6,7.6,12.2,12.3,24.2,16.6,12.3,12231101520,5147,4.8,3.1,3.4,2,7.9,16.2,15.9,26,10.8,9.8,10697801521,998,5.4,1.2,5.8,10.1,14.4,16,15.6,25.1,4.1,2.2,7644301522,1149,0.8,3.6,1.6,8.1,11.2,16.4,24.9,16.8,13.1,3.6,9195001523,2246,4.3,4.1,2,6.6,6,15.4,16.9,21.3,16,7.4,11564701524,2389,4.6,3.7,5.9,6.9,5.6,25.6,15.2,19.3,10.5,2.6,8487901525,86,0,0,0,16.3,51.2,0,0,14,0,18.6,8633601527,5144,1.8,3.5,8.4,6,10.8,17.7,18.9,23.5,5.5,3.9,8371601529,1060,1.1,1.6,7.2,6.6,16.3,18.8,19.7,12.9,10.3,5.5,8527501531,380,1.6,2.9,2.6,5.8,8.9,13.9,23.9,28.2,8.2,3.9,9472001532,5114,1.5,1.8,6.8,5.6,7.4,10.4,13.2,25.3,11.1,16.8,13097601534,1723,0,3.8,7.1,6.3,8.1,18.1,15,27,5.2,9.4,10062101535,1931,5.2,5.7,9,6.5,14.6,20.4,16.5,12.9,4.7,4.5,7225101536,2561,3.1,3.4,6,3.2,10.5,16.9,15.4,23.7,10.5,7.3,10129801537,1082,2.7,4.1,2.6,11.6,11.9,23.2,18,18.2,6.4,1.4,7922401540,4248,5.8,8.4,5.5,10,8.8,18.8,13.9,17.7,7.4,3.6,7489101541,1253,1,2.4,2.3,3,7.1,18,9.8,25,22.2,9.2,11884201542,591,0,0,8.6,10.2,5.2,31.6,18.1,12.7,7.8,5.8,8895801543,2558,2.6,4.7,3.5,4.5,13.8,16.7,11,28.8,9.3,5.1,9292701545,13081,2.5,2.3,4.5,6.3,10.6,15.4,15.4,22.5,11.5,9,10195901550,6548,7.7,5.6,15.6,12.2,15,16.4,14.9,9.5,2.5,0.7,5492101560,1511,1.3,3.3,5.8,12.5,16.3,15.1,8.7,17.9,12,7.1,9238101561,130,0,0,46.9,0,33.8,6.2,0,13.1,0,0,3902901562,4686,6.4,5.4,9.6,10.6,10.2,16.4,19.2,12.1,5.5,4.4,7249501564,2811,3.1,0,2.5,8.6,8.5,13.5,12.5,26.5,14.3,10.5,12075601566,2518,4.5,2.2,6.7,5.3,9.6,20.1,13.5,17.8,12.4,8.1,9497001568,2571,5.5,3.9,3.2,2.6,6.5,13.7,10.7,21,17.3,15.6,12160601569,4901,2.8,3.9,7.1,3,9.8,15.6,19.1,25.1,8.8,4.9,9131601570,7344,7.4,6,12.9,10.4,13.6,18.3,13.7,11.2,3.6,2.8,6121001571,3780,2.5,5.1,4.6,7.3,12.2,20.7,20.1,19.9,4.9,2.6,7935201581,6720,1.7,1.8,5.7,4,8.3,16.2,12.8,20.2,12.9,16.5,12540801583,2277,2.2,1.7,6.6,9,12.2,18.2,14.6,19.5,11.3,4.7,9132201585,1831,5.2,5.8,10.1,5.1,15.9,18.5,12.6,18.8,4.8,3.2,7356501588,3808,1.4,5,11.6,6.5,15.7,17.3,11.3,22.2,6.1,2.8,7662001590,3064,1,0.9,4.3,5.7,7.7,11.3,13.4,22.7,19.6,13.5,12301101602,9176,7.8,3.6,9.6,6.9,14.9,20.8,11.2,15.6,5.5,4.2,7332801603,7401,9.7,8.5,12.6,9.6,14.8,17.9,13.5,10.5,2.4,0.5,5402001604,14827,8.1,5.7,10.7,8.9,15.4,20.1,13.4,12.4,3.9,1.5,6146401605,10560,12.9,10.4,14.6,10.4,14,15.7,9.5,8.2,3.2,1.2,5104001606,8560,3.3,5.4,8.2,8.2,14.3,23.1,13.8,17.1,4,2.5,7132901607,3636,7,9,10.9,9.6,16.4,19.6,12,10.2,2.9,2.4,5871801608,1556,23,22.2,21,6.2,11.2,7.2,3.4,4.4,1.3,0,3080101609,7398,15.9,6,12,10,10.5,12.5,10,10.4,5.5,7.2,7962301610,7291,17.1,9.6,16.1,13.5,13.4,14.5,7.2,6.6,1,1,4201501611,891,0.9,1.9,8,11.4,15.2,17.7,21.3,13.8,7,2.8,7579101612,1591,1.8,1.9,5.8,4.5,6.6,14.3,10.7,33.1,11.1,10.2,10958801701,12206,2.9,3.8,5,7.7,9.5,14.1,14,22.9,11.4,8.6,10186701702,13992,8.6,5.7,9.5,10.5,12.2,18.5,11.9,13.5,6.3,3.2,7067401718,194,0,0,0,5.2,23.2,10.3,14.9,21.6,4.6,20.1,12595301719,1984,3.3,2.6,3.4,6.6,9.5,13.3,8.2,21.6,11.7,19.8,12718101720,7674,1.9,3.2,4,4.8,9.5,12.2,9.5,20.1,13.9,20.9,13401301721,6484,3.3,2.1,5.1,8,8,14.2,11.3,20.8,11.5,15.6,11663301730,5026,1.6,2.9,4.3,5,8.6,13.4,12.9,18.4,16.8,16.2,12732601731,423,1.2,0,2.6,4.7,13.9,17.3,18.7,32.2,5.2,4.3,9758301740,1583,5.1,0,5.6,5.6,3.2,8.9,6.9,20.8,18.1,25.7,15818701741,1612,2.9,3.7,3.5,4.5,3.2,4.3,8.6,14.3,15.7,39.3,20223001742,6253,2.2,1.4,5.1,5.3,5.2,11,10.1,18.3,13.7,27.8,18924801745,139,0,0,22.3,0,8.6,12.2,0,46,0,10.8,9709201746,4918,2.4,3.3,3.8,4.1,7.5,13.6,10.3,23.1,14.2,17.7,12969301747,2275,3.6,3.1,5.2,4,7.3,10.5,17.3,26.2,13.7,9.1,10370601748,4893,1,0.9,5.2,3.2,3.3,11.8,10.3,21.7,16.1,26.4,17019201749,7679,4.8,3.3,7.2,7.1,11.8,15.2,14.6,21.2,8.9,5.8,8796201752,15856,4.7,3.8,6.6,7.7,12.8,16.1,13.1,20.6,7.8,6.8,8877101754,4222,3.1,5.4,7.1,7,8.9,15.2,18.2,21,8.6,5.4,8711201756,2055,1.5,1,5.9,5.3,6.8,13.9,17.4,22.2,12.1,13.9,11288101757,10510,4.4,5.8,6.3,10.2,12.2,16.4,12.7,17.3,7.6,7.1,8400601760,13364,3.5,4,4.8,6.5,7.7,14.8,13.6,22.5,8.6,14,11785201770,1463,3.1,1,2.2,1,5.5,9.4,7,20.4,11.3,39.2,19792601772,3146,2.1,1.7,3,1,5.8,8.5,13.2,16.9,19,28.7,17269901773,1727,1.3,2.3,0.8,5.3,3.6,6.7,7.9,22.3,9.2,40.7,19086701775,2328,2.1,1.5,2.1,5.9,6.1,12.9,15.1,21,17.1,16.2,13368201776,5613,2.2,1.4,2,2.4,2.5,8.5,8.9,17.2,17,37.8,19715701778,4947,2.6,2.3,3.3,1.7,5.1,14.9,9.4,19.7,12.7,28.3,18503601801,15560,4.1,4,5.9,6.5,13.3,17.7,16.5,21.1,7.3,3.7,8202701803,9102,2,2.1,7.3,4.6,9.6,16.2,12.4,24.9,11.2,9.6,10481901810,11929,3.2,2.7,5.8,4.1,7.3,10.7,11.1,18.2,15.6,21.3,14318701821,10611,1.6,1.9,5.7,5.1,9.7,17,16.8,28.6,9.8,3.9,9534901824,9525,2.9,2.6,4.9,5.1,9.4,13,12.3,24.5,14.1,11.2,11464201826,11149,2.8,3.2,7,7.7,9.9,21.4,18.4,18.9,7.3,3.5,8167101827,1087,1.1,1.7,4.8,3.6,6.5,13.9,13,22.4,19,14,12030701830,10158,8.3,7.2,9.8,7.9,11.1,16.6,14.8,16.1,5,3.2,7152401832,8851,5.8,6.3,8.9,8.8,13.5,18.6,14.5,15,5.3,3.3,7032101833,2790,2.4,2.4,4.6,5.2,5.9,13.6,11.2,26.2,13.1,15.5,12274501834,2372,2.1,6.4,5.5,3.8,7.3,15.2,18.8,22.8,11.2,7,9957401835,5325,1.6,3.9,8.1,8.4,8.7,20.7,14,21.4,8.4,4.6,8698301840,2140,31.9,13.5,17,13,8.1,9.5,1.9,4.3,0.8,0,2835501841,15914,14.6,10.7,15.7,15.2,12.3,15.4,7.5,6.8,0.8,1.1,4310901843,9014,13.4,6.6,13.8,9.3,16,16.5,10.3,9.8,2.6,1.8,5416901844,17488,4.9,4.2,8.9,9.2,12.5,15.8,15.6,17.8,7.4,3.6,7799201845,10223,2.2,4,5.2,6.5,8.5,12.9,12.7,19.1,11.5,17.3,12726101850,5637,6.4,6.8,13.8,8.3,13,19.4,16.6,10,5,0.7,6083801851,10483,6.4,6.7,10.6,7.5,15.4,21,16.4,10.4,3.4,2.1,6304201852,13550,9.3,8.8,8.9,8.6,12.7,20.3,13.2,10.8,5.4,2.1,6359101854,9753,10.3,7,11.6,10.8,10.5,23,11.6,9.9,4.4,0.8,5844201860,2442,1.8,2.7,6.3,7.7,11.7,16.7,21.7,17.2,8.7,5.7,9342901862,3497,2.7,1.3,4.5,5.9,10.1,14.7,23.2,26.6,5.8,5.2,8966601863,3779,3.7,6,5.8,5.9,13.2,15,12.8,24.2,9.3,4.2,8692501864,5077,1.7,3.9,4.3,4.8,6.2,11.7,14.6,24.7,15.1,13,12102001867,8852,2.2,3.8,3.6,5,7.8,12.7,15.6,23.8,13.2,12.4,12068101876,10421,1.8,3.2,7.3,6.2,7.9,14.3,16.8,24.6,12.1,5.8,9821101879,3797,3.6,1.6,4.8,5.6,10.2,11.9,11.9,24.1,13.5,13,11120901880,9963,4.4,2.9,6.8,5.1,8.2,17.1,12.6,22.6,13.5,7,9867701886,7308,1.2,1.2,2.8,3.5,5,12.9,13.6,22.3,18.8,18.6,14033601887,7200,1.1,0.8,4,3.5,8.9,14.4,16.8,28.1,14.1,8.3,11228601890,7611,3.2,1.6,3.4,4.3,5.7,9.9,10.6,16.9,13.6,30.8,18047401901,993,25.6,16.4,20.4,11.4,8.6,4.1,6.7,4.5,0,2.2,3531501902,17218,14.1,9.3,11.8,11.1,16.3,16.1,8.9,8.4,2.5,1.5,5100901904,6939,5.7,2.8,5.6,6.4,12.7,17.4,16.9,23,6.1,3.4,8118401905,8850,9.2,7.4,10.6,13.8,15.9,18.7,11,10.5,2.3,0.6,5324901906,9917,5.5,4.4,6.5,8.2,9.7,15.5,15.6,21.5,8.5,4.6,8869801907,5595,4.9,4.7,5.1,5.8,5.2,13,18,19,9.2,15.2,11736401908,1531,3.3,3.3,7.9,6.7,10.3,16.6,10.2,16.1,13.8,11.9,11332801913,6543,3.3,3.2,7.8,6.6,8.9,17.2,16,22.6,8.7,5.6,10105301915,15278,6,6.2,7.1,7.3,9.4,17.8,12.4,17.1,8.6,8.2,9248801921,2665,0.8,2.5,2.9,3.3,2.8,6.2,13.2,25.4,13.1,29.9,20178601922,1004,3,1.1,2.4,6.1,2.7,10.7,14.7,30.8,17.8,10.8,12024801923,10282,2.7,4.2,6,7.5,8.1,19.5,13.6,20.3,10.2,7.8,9757301929,1383,3.3,2.1,2.7,11.3,9.6,18.8,11.7,23.6,7.5,9.3,10004301930,12310,6.4,4,9.9,10.4,11.9,18.1,14.2,13.9,4.9,6.3,8069901937,0,-,-,-,-,-,-,-,-,-,-,-01938,5473,3.8,3.7,5.3,6.8,9.1,17.8,12.7,20.7,10.9,9.2,10045501940,4284,3.2,2.7,5.5,6.9,8,10.7,13.4,18.3,13.9,17.4,12277301944,2047,3.4,2.4,4.5,2.9,6.8,12.6,10.7,20.1,13.7,23,17453601945,7898,4,3,3.4,5.7,8,14.6,11.5,18.2,11.7,19.9,13855701949,2621,0.4,3.2,5.4,6.1,8.7,12.8,18.1,20.1,12.2,12.9,11450401950,7534,5,4.3,5.9,6.2,11.2,15.1,10.4,19.2,11.6,11.1,10556501951,1512,4.3,1.5,7.4,8.7,12.8,20.6,8.8,12.9,8.1,14.9,11361501952,3399,5.8,5.4,8,5.6,11.7,18.8,17.4,16.3,6.1,5,8242401960,20770,4.9,5.1,8.2,9,12.7,18.4,14.9,16.6,6.8,3.4,7753001966,3020,4.8,5.1,7.5,10.5,9.3,14.2,12.8,17.4,10.7,7.7,9885801969,2254,1.4,2.2,11.7,5.1,5.9,18.9,12.1,25.3,8,9.3,9824601970,17690,7.3,6.5,9.6,9.3,13,17.4,14.8,13.8,4.7,3.5,7050101982,2532,3.6,3.4,6,6,10,9.5,10.3,21.7,14.8,14.5,11501101983,2039,2.6,3.1,6.1,2.4,5.3,11.9,10.9,23.9,8.7,25.1,14824801984,1311,4.9,4.5,4.2,4.9,2.1,7.9,5.9,22.2,10.8,32.6,19612001985,1497,4.2,3.7,4.7,3.3,9.4,14.7,8.8,21.2,11.2,18.7,14729502019,5879,2.5,1.2,4.8,9.2,9.1,17.8,16.2,26.5,9,3.6,9003002021,8460,5.1,2.1,6.2,3.9,10,13.7,14,22.1,10.9,11.9,11552402025,2706,2.7,2.1,4.3,5.6,7,10.9,14.3,15.8,5.5,31.7,16506402026,9528,3.6,4.4,6.1,3.9,10,16.7,13.6,22.9,10.3,8.6,10433302030,1765,0.6,0.6,1.2,4.4,5.1,9.7,7.1,11.1,14.6,45.7,26131502032,1438,3,3.1,6.8,1.9,14.5,20.9,11.2,20.8,8.3,9.5,9700702035,6470,2.7,2.2,5.3,5.7,11.3,17,11.1,22.4,11.9,10.5,10817802038,10866,3.8,2.4,3.8,6.8,8.8,12.2,15.8,22.4,14.3,9.7,11135902043,8046,2.8,2.2,4.3,5.5,9.9,14.5,11.1,16.1,11,22.7,15157702045,4672,3.7,4.2,7.4,7,12.8,17,12.3,20.9,6.7,7.9,9476702047,87,0,0,16.1,50.6,0,0,0,14.9,0,18.4,8210302048,8161,1.1,4.2,4.8,5.6,9.2,15.4,11.5,24.1,12.4,11.9,11203002050,9478,2.1,3,6.1,4,9,17,12.6,19.3,14.1,12.8,11197802052,4011,2.8,0.4,3.5,4.6,7,8.4,11.4,19.9,16.7,25.3,16989402053,4433,1.8,2.9,4.8,3.6,5.2,14.5,11.6,29,12.6,14,12624002054,3043,2.3,3.8,4.6,5.3,7.5,20,12.4,29.6,8.5,6,10131502056,3125,2.4,1.5,3.3,3,4.4,12.3,14.2,21.8,14,23.1,14981202061,3468,1.7,1.5,5.1,4.9,10.6,12.1,10.4,23.4,9.5,20.9,14249602062,11559,2.8,3.4,6.4,9.3,10.1,18.7,15.1,21.1,8.4,4.7,8731202066,6714,2.7,2,4.5,7.7,8.5,17.1,11.3,21.8,9,15.5,12272102067,6201,3.9,2.6,4.9,3.1,5.4,11.9,8.9,21.6,15.8,22.1,15012002071,275,0,0,4.7,9.5,4.4,10.2,7.6,25.5,13.8,24.4,16128502072,10502,4.8,5.2,10.6,6.7,11,15,13,19.7,9.6,4.5,8191502081,6933,2.9,1.8,6.4,5.6,8.7,14.7,13.7,20,12.3,13.9,12382402090,5172,3.6,2.5,5.7,5.1,6,10.2,8.2,18.5,14.2,26,16529202093,3978,2,2.4,5.6,4.5,8,17.1,9.8,22.6,12.9,15,12693902108,2141,3,4.2,5.5,10.3,8.6,13.3,11.3,17.9,8.9,17.1,13285502109,2012,4.1,7.8,2.3,1.4,5.5,8.4,9.3,21.9,7.2,32.1,18202302110,902,5.5,7,3,7.9,0,2.8,8.8,22.2,8.2,34.7,20931402111,3309,27.6,7.3,11.6,5.6,7.7,7.5,5.4,7.2,3.8,16.3,10676702113,4170,7.6,5.9,6.5,7,14.6,19.7,15,15.9,3.4,4.4,7550302114,6596,9.2,2.4,5.2,3.4,9.9,17.1,14.7,13.8,7.9,16.4,11487102115,10025,25.4,12.6,10,7.8,11.6,10,5.3,6.3,4.5,6.5,6111402116,10828,9.8,4.6,4.1,5,8.3,13.2,12.1,10.7,10,22.3,15288702118,12593,18.9,7.7,9.3,5.4,9.7,11,9.7,12.5,5.2,10.7,8950102119,9735,21.7,10.1,13.8,9.4,12.3,13.8,9.8,6.1,1.9,1,4472002120,4575,20.3,10.4,12.5,11.4,15.3,12,9,5.6,2.4,1,4332202121,9397,19.2,10.8,13.8,13,11,14.2,6.8,7.5,2.5,1.3,4584702122,8108,9.7,5.3,8.9,10.6,13.9,16.3,14.5,13.5,5.5,1.9,6682102124,17123,12.8,6.6,12.3,9.2,15,16.6,10.2,10.2,4.5,2.7,5906702125,11587,14.4,8.6,10.8,10.2,11.6,15.8,10.1,12.1,4,2.4,5863402126,9465,12.7,5.8,11.8,9.4,12.8,14.9,14,13.9,3.4,1.3,5828302127,14900,10.9,5.3,7.9,6.5,9.9,14.6,13.7,15.7,8.8,6.7,8368802128,14832,9.6,6.1,11.7,12.3,13.6,18.4,13,11,2.4,1.9,5829102129,7939,9.2,6.9,5.5,5.8,6.9,10.2,9.7,17,10.8,18,12112502130,15155,9.3,5.4,5.6,7,9.4,16.3,11.9,19,7,9,9862002131,11474,8.1,6.9,9.4,7,10.3,18.8,13.7,15.8,6.4,3.5,7183502132,10933,4.4,3.2,6.3,6.5,9.4,17,14.1,21,8.8,9.2,9951902134,9027,19.5,6.9,11.5,9,14,16.8,8.1,8,3.8,2.3,5311402135,19227,12.6,7.5,9.1,7.6,11.7,18.3,12.4,12.3,5.7,2.7,6465602136,10638,6.7,7,9.8,9,11.9,19.2,12.4,13.3,7.4,3.3,7119202138,14164,9.9,3.5,7,5.2,9.8,15.8,10.1,16.2,8.6,13.9,12820202139,15069,7.4,5.8,9.4,7.3,8.7,16.2,11.4,16.5,7.6,9.7,9051502140,8615,6.2,6.1,8.2,7.1,10.6,14.8,12.6,15.2,9.7,9.5,9639702141,6092,8.3,6.5,9.6,8,9.2,15.9,11.8,17.3,6.4,7,8057502142,1461,13.8,3.5,4.9,7.9,10.2,6.9,7.7,23.2,7.3,14.6,11947302143,11011,4.9,4.2,8.2,7.3,14.3,16.9,16,16.6,7.3,4.3,7869702144,10670,7.6,3,7.7,6.8,9.3,16.4,15,21.5,7,5.8,8339102145,9738,9.9,4.7,10.2,8.2,12.8,19.6,15.2,11,5.8,2.6,6659002148,23427,7.9,5.5,11.9,8.9,13.4,17,14.3,14,5.2,2.1,6652402149,15676,6.3,6.7,11.7,11.8,14.7,18,14.8,9.7,4.5,2,6285502150,12035,11.3,8.9,10.5,11.8,12.5,19.2,13.2,8.4,3,1.2,5554002151,19425,9.6,5.8,11.2,9.5,13.2,18.1,13.4,14,3.9,1.4,6258702152,7356,6.6,4.5,6.3,6.9,13.4,19.7,15,16.5,6.2,5,8403602155,22438,6.2,4.4,5.8,7.8,11.1,16.8,14.4,19.7,9.5,4.4,8419802163,473,14.4,1.9,18.2,10.1,17.5,17.1,9.1,4,1.1,6.6,5708002169,24338,6.9,6.7,10.4,8,11.2,17.8,15.5,15.1,5.2,3.2,7052902170,7861,4.1,7.3,6.4,8.6,11,21.9,15.5,15.4,5.3,4.6,7501902171,7766,5.2,2.9,7.5,7.5,13.9,17.5,13,19.2,8.7,4.6,8393402176,10963,5.2,5,5.6,6,7.5,15.3,15.3,21.1,11.1,7.9,9644402180,8909,3.2,2.9,8.1,7.4,9.4,17.2,15.9,19.1,11.3,5.5,8910702184,13267,4.4,3.2,5.2,7.9,8.8,15.4,15.7,22.5,9,8,9788102186,8956,3.3,3.1,6.4,3.5,6.9,11.3,12.2,19.5,15,18.8,13247602188,6340,6,5.1,11.7,5.5,10.3,16.5,15.3,19.4,7.1,3.2,8207202189,6046,7.3,4.2,6.5,8.8,14,17.6,14.1,18,6,3.5,7414602190,6481,0.9,2.9,5.5,9.8,12.8,15.7,12,22.2,10.1,8.2,10093502191,3676,6.3,3.7,10.1,6.7,10.4,20.5,13.3,19,6.4,3.4,7584502199,756,7.9,1.2,2.4,6.7,13.5,10.7,11,11.6,7.1,27.8,23581802203,0,-,-,-,-,-,-,-,-,-,-,-02210,972,3.4,2,6.5,0,4,13.8,13.5,14.6,10.2,32.1,16932302215,8025,24.1,9.5,9.6,9.7,8.6,14.4,8.6,7.4,3.4,4.7,5501402301,21941,8.3,7.7,11.3,12.2,15,19.1,12.8,9,3.1,1.6,5746802302,11297,6.4,6.2,8.1,9.3,11.8,17.6,21.2,14.4,3,2.1,6692702322,1609,1.6,2.7,7.8,9.7,5.2,24.2,13.7,25.9,6.4,2.8,8321202324,7927,2.6,3.8,5.7,4.2,8.1,14.7,20.2,26.6,9.3,4.9,9551502330,4286,3.6,2.7,7.4,8.5,14.2,17,17.3,21,6,2.3,7741502332,5256,3.2,1.6,2.7,6.3,5.6,12.6,8.9,21.9,13.5,23.7,15610002333,4682,2.2,3.8,5.1,6.7,11.8,17.1,15.2,24.2,8.9,5,9086002338,2798,5,2,9,4.8,9.6,13.4,23.1,19.9,8.2,5.1,9252102339,4729,3.9,2.3,4.3,4.4,5.2,12.8,16.6,25.4,14,11.2,11434402341,3468,1.5,2.7,8.2,2.7,8,13.3,23.6,24.3,10.6,5.1,9532902343,4152,5.1,2.2,7.2,11.9,11.2,21.6,13.2,18.6,6.6,2.4,7606802346,8059,4.1,2.7,3.9,7.6,10.9,21.7,15.7,22.6,7.7,3.1,8477802347,3586,2.8,2.2,5.8,5,6.8,14.9,16.3,25.9,12.6,7.7,10176002351,5962,5,3.4,6.1,4.9,9.6,18.1,16.4,24.6,7.7,4.1,8691602356,4227,1.9,3.1,4.2,6.8,6.1,12.9,13.7,19.2,16,16.1,12662602357,13,0,0,0,0,0,100,0,0,0,0,N02359,6259,2.3,3.4,5.5,5.8,7.2,18,17.4,24.3,8.9,7.3,9843602360,20946,3.4,4.1,6.5,7.7,10.3,16.7,15.9,21.5,7.6,6.3,8913502364,4624,2.1,4.1,8,7,11.6,15.1,14.9,15.3,12.8,9.1,10014102366,0,-,-,-,-,-,-,-,-,-,-,-02367,991,4.1,1.8,5.5,4.4,10.5,10.6,17.3,28.6,11.5,5.7,10467802368,12082,4.6,6,10.6,7.8,10.5,16.7,15.7,17.3,6.4,4.3,7652502370,6912,3.7,3.5,6.5,10.6,13.2,23.2,14.1,16.9,6.1,2.2,7537902375,3612,3.2,1.2,8,5.6,10.4,18.8,14.8,20.6,11.1,6.3,9821002379,2432,2.2,3.6,7.8,6.1,7,20.1,18.9,18.6,6.6,9.1,9289802382,5192,4.2,3.5,5.9,6,9.6,21.1,17.4,21.1,9.5,1.8,8490502420,4956,3.1,2.1,3,4.2,3.9,8.3,8.3,18.4,17.5,31.3,18896802421,6455,2.2,3.5,4.2,4.2,5.8,8.6,8.3,20.5,13.8,28.8,17844802445,8591,7,3.4,2.9,2.8,10.9,11.7,8.8,16.1,12.8,23.6,16418602446,13268,11.7,5.5,5.4,4.3,7.7,13.2,10.6,17.8,9.3,14.5,12011002451,7317,3.4,4.1,7.5,4.9,12.6,17.4,12.7,20.3,8.9,8.1,9286802452,4820,7.8,4.8,7.6,5,12.6,16,13.3,18.8,7.9,6.3,8313102453,11383,7.6,5.1,10.3,5.5,12.1,17.6,16.6,13,7.1,5.2,7745602457,11,0,0,0,0,0,0,0,0,0,100,N02458,4663,6.6,4.5,4.5,2.5,9.4,17.7,11.4,18.8,8.2,16.3,12712302459,6532,5.3,2.4,4.6,3.8,5.4,10.7,7.9,12.5,12.9,34.4,18270202460,3578,2,2.5,5.1,4.1,9.5,11.6,13.4,17,14.3,20.5,15009702461,2636,4.5,3.1,4.5,2.3,1.6,11.7,12.7,23.9,13.5,22.1,15345002462,627,6.7,7,4.5,10.7,6.4,10.7,7,14,4.6,28.4,19612602464,1169,7.2,0,4.4,9,4.2,19.8,15.2,23.1,3.6,13.5,10662802465,4300,3.6,2.9,5.9,2.2,6.3,12.6,8.9,20,12.7,25,17837902466,2982,3.4,3.3,6.1,8.7,5.7,7.8,9.3,23.5,9.2,22.9,14110402467,6237,5.8,1.8,2.2,3,6.6,9.7,12.6,21.1,10.1,27,19061902468,1747,0,1,6.1,1.4,1,10.5,6,14.8,8.6,50.7,25140802472,14134,4.4,3.7,6.3,6.2,8.2,18.9,17.5,19.9,8.8,6,9147802474,11955,4.3,3.5,5.4,6.4,8.3,16.4,16.7,21.7,8.2,9,9983002476,7052,3.6,2.6,7.2,3.8,9.3,13.1,14.1,17.4,14.1,14.9,11498602478,9438,3.7,2,5.7,4.9,6.5,13.3,14.1,19.5,12.2,18.1,13962902481,4596,4.3,0.4,2.8,3.9,4,6.9,5.5,16.9,10.7,44.5,24754502482,3946,4.4,2.4,4.1,6.4,5,11.1,8.7,16.5,14.4,26.9,16380302492,6961,3.1,2.4,4.4,2.8,4.9,11,7.4,19,12.4,32.6,18228802493,3557,1.5,1.3,4,3.7,3,8,7.5,14.8,10,46.1,30030402494,3389,5.9,3.3,6,4,3.2,13.6,12,17.7,7.8,26.5,13871802532,4956,5.2,5.9,11.2,6.7,15.3,14.9,17.6,11.8,6.7,4.7,7598502534,392,0,0,13.3,7.4,10.2,32.7,0,26,5.6,4.8,8468902535,394,10.9,2.3,5.1,11.4,12.7,14.2,12.2,12.7,7.1,11.4,11122302536,8520,4.6,3.4,9.3,8,15.2,20.5,17,13.4,4.7,3.9,7542502537,2358,3.6,3,5.6,7.8,11.4,15.1,11.2,25.1,9.7,7.6,9290502538,1317,5.9,5.3,9.3,11.9,13.8,6.5,21.4,22,3.8,0,6672302539,1466,4.8,1.7,4.5,8,15.2,16.6,19.8,16.4,4.8,8.3,9269302540,4105,6.3,7.6,13.3,10,9.4,17,10.8,11.6,6,8,9162202542,367,2.5,0,19.9,7.4,41.4,14.4,4.9,9.5,0,0,4706202543,338,0,4.1,8.9,9.8,5.6,12.7,15.4,11.8,22.8,8.9,20882302553,140,0,0,0,0,42.9,0,35,22.1,0,0,7169602554,3650,4.2,3.2,5,5.6,7.5,13.9,21.1,20.5,7,12,12863402556,1358,4,4.9,11.6,3.8,5.3,19.3,13,17.8,15.2,5,8776502557,1429,4.5,8,5.7,7.6,9.7,7.6,29.6,17.6,4.7,5,8349102558,724,12,11.7,7.9,3.5,25.1,25,11,3.7,0,0,4431002559,1714,7.5,3.9,10.4,3.1,12,22.8,14.8,18.8,5.3,1.5,7285802561,182,0,0,12.1,22,18.7,23.1,14.8,0,0,9.3,7050502562,1285,5.6,2.9,6.4,4.1,17.5,15.8,18.8,20.8,6.4,1.8,8166202563,3988,1.9,2.6,5.2,7.9,11.9,13.8,19.1,22.3,9.2,6.1,9926302564,95,0,0,0,0,36.8,29.5,0,7.4,0,26.3,11591202568,1297,10.4,7.5,12.5,13.1,4.3,14.5,12.4,15.7,6.6,3.1,7087202571,4839,9,5.7,10.3,6.8,15,20.1,12.8,14.2,3.8,2.2,6578802575,919,4.1,0,4.8,5.9,11.1,22.6,20,18.7,6.5,6.2,8988302576,1417,2.8,6.1,13.9,9.4,10.7,12.4,14.5,21,3.9,5.4,7608902584,0,-,-,-,-,-,-,-,-,-,-,-02601,6325,12.4,5.2,12.6,11,14.5,18.9,11.7,11,1.7,0.9,5185302630,878,16.3,5.4,6.3,8,9,10.7,18.8,11,6.7,7.9,8124502631,4281,6.5,3.4,8.6,7.5,13.5,21.3,9.9,18.8,6.9,3.7,7615402632,4997,2.2,4.8,6.7,6.5,14.8,19.7,17,19.1,6.1,3.1,7956302633,2033,5.4,1.4,9.4,4.6,14.4,16.4,10.3,18.1,7.6,12.3,11002302635,1517,0.7,0.9,6.7,7.2,8.9,17,25,18,5.9,9.8,11899002637,62,0,19.4,27.4,0,0,0,27.4,25.8,0,0,6465202638,1650,1.9,3.6,11.3,13.5,12.3,18.3,11.5,13.6,8.9,5.1,8441902639,1460,9.7,4.3,9.3,14.2,15.5,13.5,12.5,11.8,6.6,2.6,6371602641,269,6.3,1.9,0,9.7,13.8,8.2,19.3,26,12.3,2.6,9301702642,2404,0.4,5.7,14.4,5.4,19.3,14.1,18.3,15.2,3,4.2,7390202643,9,0,0,0,0,0,100,0,0,0,0,N02644,1268,1.1,0,2,10.2,5.7,19.6,23.7,25.6,7.2,5,9366202645,4094,5.5,5.3,8.8,7.9,12.7,24.2,14.9,11.1,6,3.7,7130902646,908,1.3,2.8,12.7,15.2,14.2,19.4,15.5,11.3,3.2,4.4,7819002647,65,20,0,0,16.9,0,0,18.5,32.3,0,12.3,10102502648,3112,4.5,2.6,2.8,6.4,15.3,21.2,15.8,15.3,6.2,10,9587102649,5753,4,4.8,7.9,7.3,17.4,17.1,16.2,14.6,6.1,4.7,8048802650,413,2.7,0,0,18.2,15.7,21.3,7.5,7.5,3.9,23.2,13854202651,0,-,-,-,-,-,-,-,-,-,-,-02652,600,4,6.3,13.7,11.5,15,6.5,17.7,14.5,6.8,4,7196602653,2914,2.1,4.3,8.7,10.7,10.9,21.7,14.7,12.4,7.3,7.2,8793502655,1630,4.1,4.5,6.9,7.7,10.3,16.7,16.3,13.3,7.6,12.6,11471002657,1645,5.8,7.2,16.1,11,14.8,12,8.5,12.7,7.3,4.6,7484002659,423,2.1,2.1,4.5,14.2,18.7,16.1,20.3,12.1,5.9,4,7694202660,2738,7.9,3.2,16.4,6.4,16.3,18.6,14.4,13.3,2.1,1.6,6040802663,49,0,0,100,0,0,0,0,0,0,0,N02664,4712,7.8,4.8,8.1,14.2,17,23.5,11.1,7.3,3,3.3,6413302666,273,6.6,2.2,6.2,2.6,2.2,15.4,15.4,22.3,0,27.1,11517302667,1572,5.2,6.2,4.3,6.2,10.5,26.5,12.8,8.7,12.7,7.1,8525602668,1289,2.2,1.3,5.4,3.8,8.7,32.4,11.3,13.7,14.9,6.4,10768802669,51,0,15.7,0,9.8,0,15.7,37.3,0,21.6,0,8921002670,673,7.7,7.7,13.4,13.1,11.4,14.6,14,11.3,6.8,0,5824102671,573,8.2,3,15,7.5,13.6,16.6,12.9,9.1,7,7.2,9097002672,72,0,0,0,84.7,0,0,0,15.3,0,0,4040102673,4178,4.5,8.1,6.9,14.8,21.3,20.9,8,9.6,2.5,3.4,6122902675,3107,4.2,2.8,7.1,12.8,11.8,20.3,15,18.5,2.9,4.7,8177102702,1483,5.7,2.1,5.5,6.7,8.6,14.2,17.3,27.6,9.6,2.9,8849802703,16393,3.2,4.5,8.9,6.4,14.1,20.4,14.3,18.3,6.9,3,7855002713,35,0,0,0,11.4,20,25.7,22.9,8.6,5.7,5.7,8129702715,953,5.1,1.4,10.6,5.1,8.3,6.1,19,30.3,10.1,4,8956202717,1667,4.2,1.2,2.8,12.4,10.1,16.6,16.7,21.9,8.8,5.3,8966502718,2435,1.4,2.4,7.4,8.7,6.3,18.4,19.6,26.3,8.8,0.7,8281002719,6444,6.6,5.6,11.2,8.1,12.1,15.5,17.2,16.4,5.3,2,6868202720,13192,11,7.1,10.7,11.1,12.5,21.2,13.1,9.1,2.3,1.8,5688502721,10867,13.1,13.4,15.7,13,15.5,13.3,6.8,7,1.6,0.6,4408502723,6457,9.9,11,21.6,13.5,11.6,17.9,6.7,7.1,0.6,0.1,4107302724,7580,14.3,14.3,15.5,12.6,14,14.2,8.4,4.3,1.7,0.6,4080302725,970,1.3,4.2,10.6,3.6,12.5,25.8,17.5,17.2,5.7,1.5,7249002726,6013,4.2,3,9.8,6.6,13.1,17.1,18.2,19.3,4.8,4.1,8136302738,1873,1.8,2.5,8.9,1.5,6.9,17.1,16.7,25.8,9.6,9.2,11056702739,2436,3.6,1.6,7.6,8.2,9.4,15.8,15,20.3,11.5,7.1,9662102740,17730,12.3,10.7,15.8,10.3,14.2,15.2,11.1,7.3,2.2,0.9,4847002743,3829,4.7,5.8,6.2,9.9,10.9,18.6,15.9,17.8,8.3,2,7809902744,4794,12,14.1,19.4,8.9,15,14.1,8,5.3,2,1.3,4953802745,10352,5.7,5.6,10.9,11.4,14,22.8,14,10.3,3.6,1.8,6209502746,5939,19.3,13,20.1,9.8,8.5,17.7,4.5,6.4,0.5,0.2,3774802747,6839,3.9,4.4,7.5,5.5,11,19.1,16.4,21.6,6.5,3.9,8156202748,5328,5.4,7.7,5.9,7.5,7.2,17.8,15.6,16.4,9.7,6.8,9250002760,9855,2.3,4.2,5.8,8.4,11,15.2,17.5,20.2,9.4,6.2,9217502762,3232,4.6,2.3,10.4,4.4,10.3,13.9,12.5,27.9,7.1,6.5,9161802763,571,1.9,0,9.5,2.6,9.1,15.9,3.5,36.6,15.9,4.9,10263702764,1433,6.7,2.6,4.1,9,12.6,9.4,18.1,21.7,11.8,4,9657402766,6297,3.3,2.8,9.6,5.7,11.4,16.8,12.3,22.5,9.3,6.2,8945302767,4773,1.7,1.6,4.6,6.7,14,17.6,13.8,24.3,10,5.8,9485802769,4093,2.1,2.2,6,7.6,10.9,15.6,12.1,24.7,9.7,9,10574002770,1681,2.1,2.1,3.9,3.8,8.4,14.8,15.9,30.9,11.4,6.5,10524302771,4752,2.5,2.8,7.7,8.6,11.6,15.7,13.9,22.1,7.7,7.5,9346302777,6173,2.7,4.8,7.4,8,10.2,20.2,16.2,21.5,4.5,4.5,8408502779,1970,0,2.3,7.4,8.1,12,15.4,16.9,27.3,6.3,4.4,8907602780,19330,5.9,7.3,10.4,9.8,15.3,19,12.2,14,4.2,1.8,6381102790,5996,4.8,4,5.2,6.6,12,18,19.4,16.7,5.8,7.5,9123002791,15,0,0,0,0,0,0,0,100,0,0,N02802,295,0,0,0,5.1,41.7,5.1,29.2,0,0,19,9096802804,1132,0,1.5,5.2,4.8,15.2,31.1,25.2,11.6,5.5,0,7487902806,5803,1.2,2.2,5.7,5.5,7.5,13.4,15.8,18,13.7,17,13239702807,440,3.4,1.4,2,2.7,12,19.1,20.5,25.2,4.5,9.1,10519302808,1038,3.3,4.4,13.9,13.7,9.8,15.5,12.5,16.6,9.2,1.2,7099602809,8936,7.5,6.1,7.5,7.7,11.8,18.1,11.1,16.8,8.4,5,8006702812,623,1.8,0,1.6,6.4,2.2,22.2,17.3,33.9,14.6,0,9571202813,3145,2.7,1.6,10,9.4,11.4,19,16.4,19,4.9,5.6,8887902814,2769,4,2,8.8,5.1,8.9,17.7,21.1,21.8,7.7,3,8318102815,89,0,0,0,0,0,14.6,19.1,21.3,28.1,16.9,13098502816,12652,4.2,5.8,8.1,7.3,11.3,20.1,16.2,17.8,7,2.3,7554602817,2238,2.8,1,6.9,12.6,8.3,12,18.3,19.7,8,10.3,9868602818,7236,3.8,4.2,5.7,6,9.6,14.7,12.3,19,9.6,15,12388602822,2175,1.2,0.4,5,6,9.3,13.7,12.9,30.4,12.5,8.5,10685502825,1876,0.9,5,6.9,6,6.9,20.7,16.7,26,6.8,4.2,